
state={
	id=495
	name="STATE_495"
	manpower = 979900
	
	state_category = pastoral
	
	resources={
		aluminium=3 # was: 4
	}

	history={
		owner = BRA
		buildings = {
			infrastructure = 1

		}
		add_core_of = BRA
	}

	provinces={
		10956 10960 13278 13279 13280 13281 13282 13283 13284 13285 13286 13287 13288 13289 13290 13291 13292 13293 13294 13295 13296 13297 13298 13299 13300 13301 13302 13303 13304 13305 13306 13307 13308 13309 13310 13311 13312 13313 13314 13315 13316 13317 13318 13319 13320 13321 13322 13323 13324 13325 13326 13327 13328 13329 13330 13331 13332 13333 13334 13335 13336 13337 13338 13339 13340 13341 13342 13343 13344 13345 13346 13347 13348 13349
	}

	local_supplies=0.0 
}
